# Created by Octave 6.1.0, Thu Jan 21 15:31:59 2021 -03 <daniel@MacBook-Pro.local>
# name: K
# type: scalar
3


# name: Lex
# type: float matrix
# rows: 3
# columns: 8
 0 1 0 1 0 1 0 1
 0 0 1 1 0 0 1 1
 0 0 0 0 1 1 1 1


# name: Nobs
# type: scalar
512


# name: P
# type: scalar
2


# name: PK
# type: scalar
8


# name: Px
# type: float matrix
# rows: 1
# columns: 8
 0.400390625 0.06640625 0.095703125 0.052734375 0.185546875 0.060546875 0.09375 0.044921875


# name: Wglica
# type: matrix
# rows: 3
# columns: 3
 1 0 0
 0 1 0
 0 0 1


# name: Wm
# type: float matrix
# rows: 3
# columns: 3
 1 0 0
 0 1 0
 0 0 1


# name: Wsa
# type: matrix
# rows: 3
# columns: 3
 0 1 0
 1 0 0
 0 0 1


# name: X
# type: matrix
# rows: 3
# columns: 512
 0 0 0 1 1 0 1 0 0 0 0 0 0 0 0 0 0 0 0 0 0 1 0 0 0 1 0 0 0 0 0 0 0 0 0 1 0 0 0 0 0 1 0 1 0 0 0 1 0 0 1 1 0 1 0 0 1 0 0 0 1 1 0 0 0 0 1 0 0 0 0 0 0 1 0 0 0 0 1 0 0 0 0 0 0 0 0 1 1 0 0 0 1 0 1 1 0 0 0 1 0 0 0 1 0 1 0 0 0 0 0 0 0 0 1 0 0 0 0 0 1 0 0 0 0 0 0 0 0 0 0 0 0 0 0 0 1 0 0 0 0 0 0 0 0 0 0 0 0 1 0 0 0 0 1 1 0 0 0 0 1 0 0 0 0 0 0 0 0 0 0 0 0 0 1 0 0 1 1 1 1 0 0 0 1 0 0 0 1 0 0 0 0 0 0 0 0 0 0 0 0 0 0 0 1 1 0 0 0 0 0 1 0 1 0 0 0 0 1 0 0 0 0 0 1 0 0 0 0 0 0 0 0 0 1 0 0 0 0 1 0 0 0 0 0 0 0 0 0 0 1 1 0 0 1 0 1 1 1 0 0 0 0 0 0 0 0 0 0 1 0 0 1 0 0 1 0 0 0 0 1 1 0 0 0 0 0 0 0 0 1 0 0 0 0 0 0 1 0 0 0 0 1 0 0 0 0 0 1 0 0 1 0 0 0 0 0 0 1 0 0 0 0 0 1 0 0 0 0 1 1 0 0 0 0 1 0 0 0 1 0 0 0 1 0 0 0 1 0 0 0 0 0 1 0 0 0 0 0 0 1 1 1 0 0 0 1 0 0 0 0 1 1 0 1 0 0 1 0 0 1 0 0 1 0 0 0 0 0 1 0 0 1 0 1 0 0 1 1 0 0 0 0 1 0 0 0 1 0 1 0 0 0 0 0 1 1 1 1 0 0 1 1 0 0 0 0 0 0 0 0 0 0 0 0 0 0 0 0 0 0 0 0 0 0 0 0 0 0 0 0 1 0 1 1 0 0 0 1 0 0 1 1 0 0 0 0 1 0 1 0 1 0 0 0 0 1 0 1 0 0 0 0 0 0 0 0 0 0 1 0 0 0 0 0 0 1 0 0 0 0 1 0 0 1 1 0 0 0 0 1 1
 1 0 1 0 0 0 1 0 0 0 0 1 0 0 1 0 0 1 0 0 0 0 0 0 0 1 0 0 0 0 0 0 0 0 0 1 0 0 0 0 0 0 0 0 1 0 0 1 0 0 1 0 0 1 0 1 0 0 1 0 1 0 1 0 0 0 0 0 0 0 0 0 1 1 0 0 1 0 1 1 0 0 0 1 0 0 0 0 1 1 0 0 0 0 1 0 1 1 0 0 0 0 0 0 0 0 1 0 0 0 0 1 0 0 0 1 0 0 0 0 1 0 0 0 0 0 0 0 0 1 0 0 0 0 1 1 0 0 0 0 1 0 0 0 0 0 0 1 0 0 0 0 1 1 1 0 0 0 0 0 0 0 0 0 1 1 1 0 0 1 0 0 0 0 1 0 1 1 1 0 0 0 0 1 1 1 0 1 0 0 1 1 0 0 0 0 0 0 0 1 0 1 1 0 1 0 0 1 0 0 1 0 0 1 1 0 0 0 1 0 0 1 0 0 0 0 0 0 0 0 0 0 0 0 0 1 0 0 0 1 1 1 0 1 0 0 0 1 1 0 1 1 0 0 0 0 0 1 0 0 0 0 0 0 0 0 0 1 0 0 0 1 1 1 0 0 0 0 0 1 0 0 0 0 0 0 0 0 0 0 1 0 0 0 0 1 1 0 0 0 1 1 0 0 1 0 0 0 0 0 1 1 0 0 0 0 0 0 1 0 0 0 1 0 0 0 0 1 1 1 1 0 0 0 0 0 0 1 1 0 1 0 0 1 0 1 1 0 0 0 0 0 0 0 1 0 0 0 0 0 1 0 1 0 1 0 1 0 0 0 0 0 0 0 1 0 0 0 0 0 0 0 0 1 0 0 1 1 1 0 1 0 1 0 0 0 0 1 0 0 0 0 0 0 0 0 1 1 1 0 0 0 0 0 0 0 1 1 0 0 0 0 0 0 0 0 0 0 1 0 0 0 0 0 1 0 0 0 0 0 1 1 0 1 0 0 0 1 0 0 1 1 0 1 1 1 1 0 0 0 1 0 0 1 1 1 0 1 1 0 0 1 0 0 0 1 1 0 1 0 0 1 0 0 0 0 0 0 0 1 0 0 0 1 0 1 0 0 0 0 0 0 0 0 0 0 1 1 1 1 0 1
 1 0 1 0 1 0 1 0 0 0 0 1 0 0 0 0 0 1 0 1 1 1 0 0 0 0 0 1 0 0 1 0 0 1 0 1 0 1 1 1 0 0 0 1 1 0 0 0 0 1 0 1 0 1 0 0 1 0 0 0 1 1 1 0 0 0 1 1 1 0 1 0 1 1 1 0 1 1 1 1 1 0 1 0 0 0 0 0 0 0 1 0 1 0 0 0 1 1 0 1 1 0 0 0 1 0 1 1 0 0 0 1 0 1 1 1 0 1 0 0 0 0 0 0 1 1 1 0 0 0 1 1 1 0 1 0 0 0 0 0 0 0 1 1 0 0 0 1 1 0 1 0 1 0 0 1 0 1 0 0 0 1 1 1 0 0 0 0 0 1 0 1 0 0 0 0 1 1 1 1 0 0 0 1 1 1 0 0 1 1 0 1 1 0 0 0 0 0 0 1 1 0 1 0 0 0 0 0 1 1 0 1 0 1 1 0 0 1 1 0 0 0 0 1 0 0 1 0 0 0 0 0 1 0 1 0 0 1 0 0 0 1 0 0 1 1 0 0 0 1 0 0 0 0 0 1 0 0 0 0 0 0 0 1 0 1 1 0 0 0 1 0 0 0 0 1 0 1 1 1 0 1 0 1 0 1 0 0 1 0 1 1 0 0 1 1 1 1 0 0 1 1 1 0 1 0 0 1 1 0 1 1 0 0 1 0 1 0 1 1 1 0 1 1 0 0 1 1 1 0 1 1 0 0 0 1 0 0 0 0 0 1 0 1 0 0 0 0 0 0 0 0 0 1 0 0 0 0 1 1 1 0 1 0 0 0 0 0 1 1 1 0 0 0 1 0 0 1 0 0 1 0 0 0 0 0 0 0 1 0 0 1 0 0 0 0 0 0 1 1 0 0 0 1 1 0 0 0 0 1 0 1 0 0 0 0 1 1 0 0 0 0 1 0 0 0 0 0 1 1 1 1 1 0 1 1 0 1 0 0 1 0 0 0 0 0 1 0 0 0 1 1 0 0 1 0 1 0 0 0 0 0 0 0 0 1 0 0 1 1 1 0 0 0 0 1 0 0 0 0 0 0 1 0 1 0 0 0 0 0 0 0 1 0 1 0 0 1 0 1 0 0 0 1 1 0 1 0 1 1 1 0


# name: Y
# type: matrix
# rows: 3
# columns: 512
 0 0 0 1 1 0 1 0 0 0 0 0 0 0 0 0 0 0 0 0 0 1 0 0 0 1 0 0 0 0 0 0 0 0 0 1 0 0 0 0 0 1 0 1 0 0 0 1 0 0 1 1 0 1 0 0 1 0 0 0 1 1 0 0 0 0 1 0 0 0 0 0 0 1 0 0 0 0 1 0 0 0 0 0 0 0 0 1 1 0 0 0 1 0 1 1 0 0 0 1 0 0 0 1 0 1 0 0 0 0 0 0 0 0 1 0 0 0 0 0 1 0 0 0 0 0 0 0 0 0 0 0 0 0 0 0 1 0 0 0 0 0 0 0 0 0 0 0 0 1 0 0 0 0 1 1 0 0 0 0 1 0 0 0 0 0 0 0 0 0 0 0 0 0 1 0 0 1 1 1 1 0 0 0 1 0 0 0 1 0 0 0 0 0 0 0 0 0 0 0 0 0 0 0 1 1 0 0 0 0 0 1 0 1 0 0 0 0 1 0 0 0 0 0 1 0 0 0 0 0 0 0 0 0 1 0 0 0 0 1 0 0 0 0 0 0 0 0 0 0 1 1 0 0 1 0 1 1 1 0 0 0 0 0 0 0 0 0 0 1 0 0 1 0 0 1 0 0 0 0 1 1 0 0 0 0 0 0 0 0 1 0 0 0 0 0 0 1 0 0 0 0 1 0 0 0 0 0 1 0 0 1 0 0 0 0 0 0 1 0 0 0 0 0 1 0 0 0 0 1 1 0 0 0 0 1 0 0 0 1 0 0 0 1 0 0 0 1 0 0 0 0 0 1 0 0 0 0 0 0 1 1 1 0 0 0 1 0 0 0 0 1 1 0 1 0 0 1 0 0 1 0 0 1 0 0 0 0 0 1 0 0 1 0 1 0 0 1 1 0 0 0 0 1 0 0 0 1 0 1 0 0 0 0 0 1 1 1 1 0 0 1 1 0 0 0 0 0 0 0 0 0 0 0 0 0 0 0 0 0 0 0 0 0 0 0 0 0 0 0 0 1 0 1 1 0 0 0 1 0 0 1 1 0 0 0 0 1 0 1 0 1 0 0 0 0 1 0 1 0 0 0 0 0 0 0 0 0 0 1 0 0 0 0 0 0 1 0 0 0 0 1 0 0 1 1 0 0 0 0 1 1
 1 0 1 0 0 0 1 0 0 0 0 1 0 0 1 0 0 1 0 0 0 0 0 0 0 1 0 0 0 0 0 0 0 0 0 1 0 0 0 0 0 0 0 0 1 0 0 1 0 0 1 0 0 1 0 1 0 0 1 0 1 0 1 0 0 0 0 0 0 0 0 0 1 1 0 0 1 0 1 1 0 0 0 1 0 0 0 0 1 1 0 0 0 0 1 0 1 1 0 0 0 0 0 0 0 0 1 0 0 0 0 1 0 0 0 1 0 0 0 0 1 0 0 0 0 0 0 0 0 1 0 0 0 0 1 1 0 0 0 0 1 0 0 0 0 0 0 1 0 0 0 0 1 1 1 0 0 0 0 0 0 0 0 0 1 1 1 0 0 1 0 0 0 0 1 0 1 1 1 0 0 0 0 1 1 1 0 1 0 0 1 1 0 0 0 0 0 0 0 1 0 1 1 0 1 0 0 1 0 0 1 0 0 1 1 0 0 0 1 0 0 1 0 0 0 0 0 0 0 0 0 0 0 0 0 1 0 0 0 1 1 1 0 1 0 0 0 1 1 0 1 1 0 0 0 0 0 1 0 0 0 0 0 0 0 0 0 1 0 0 0 1 1 1 0 0 0 0 0 1 0 0 0 0 0 0 0 0 0 0 1 0 0 0 0 1 1 0 0 0 1 1 0 0 1 0 0 0 0 0 1 1 0 0 0 0 0 0 1 0 0 0 1 0 0 0 0 1 1 1 1 0 0 0 0 0 0 1 1 0 1 0 0 1 0 1 1 0 0 0 0 0 0 0 1 0 0 0 0 0 1 0 1 0 1 0 1 0 0 0 0 0 0 0 1 0 0 0 0 0 0 0 0 1 0 0 1 1 1 0 1 0 1 0 0 0 0 1 0 0 0 0 0 0 0 0 1 1 1 0 0 0 0 0 0 0 1 1 0 0 0 0 0 0 0 0 0 0 1 0 0 0 0 0 1 0 0 0 0 0 1 1 0 1 0 0 0 1 0 0 1 1 0 1 1 1 1 0 0 0 1 0 0 1 1 1 0 1 1 0 0 1 0 0 0 1 1 0 1 0 0 1 0 0 0 0 0 0 0 1 0 0 0 1 0 1 0 0 0 0 0 0 0 0 0 0 1 1 1 1 0 1
 1 0 1 0 1 0 1 0 0 0 0 1 0 0 0 0 0 1 0 1 1 1 0 0 0 0 0 1 0 0 1 0 0 1 0 1 0 1 1 1 0 0 0 1 1 0 0 0 0 1 0 1 0 1 0 0 1 0 0 0 1 1 1 0 0 0 1 1 1 0 1 0 1 1 1 0 1 1 1 1 1 0 1 0 0 0 0 0 0 0 1 0 1 0 0 0 1 1 0 1 1 0 0 0 1 0 1 1 0 0 0 1 0 1 1 1 0 1 0 0 0 0 0 0 1 1 1 0 0 0 1 1 1 0 1 0 0 0 0 0 0 0 1 1 0 0 0 1 1 0 1 0 1 0 0 1 0 1 0 0 0 1 1 1 0 0 0 0 0 1 0 1 0 0 0 0 1 1 1 1 0 0 0 1 1 1 0 0 1 1 0 1 1 0 0 0 0 0 0 1 1 0 1 0 0 0 0 0 1 1 0 1 0 1 1 0 0 1 1 0 0 0 0 1 0 0 1 0 0 0 0 0 1 0 1 0 0 1 0 0 0 1 0 0 1 1 0 0 0 1 0 0 0 0 0 1 0 0 0 0 0 0 0 1 0 1 1 0 0 0 1 0 0 0 0 1 0 1 1 1 0 1 0 1 0 1 0 0 1 0 1 1 0 0 1 1 1 1 0 0 1 1 1 0 1 0 0 1 1 0 1 1 0 0 1 0 1 0 1 1 1 0 1 1 0 0 1 1 1 0 1 1 0 0 0 1 0 0 0 0 0 1 0 1 0 0 0 0 0 0 0 0 0 1 0 0 0 0 1 1 1 0 1 0 0 0 0 0 1 1 1 0 0 0 1 0 0 1 0 0 1 0 0 0 0 0 0 0 1 0 0 1 0 0 0 0 0 0 1 1 0 0 0 1 1 0 0 0 0 1 0 1 0 0 0 0 1 1 0 0 0 0 1 0 0 0 0 0 1 1 1 1 1 0 1 1 0 1 0 0 1 0 0 0 0 0 1 0 0 0 1 1 0 0 1 0 1 0 0 0 0 0 0 0 0 1 0 0 1 1 1 0 0 0 0 1 0 0 0 0 0 0 1 0 1 0 0 0 0 0 0 0 1 0 1 0 0 1 0 1 0 0 0 1 1 0 1 0 1 1 1 0


# name: Yqica
# type: matrix
# rows: 3
# columns: 512
 0 1 0 1 0 1 0 1 1 1 1 0 1 1 1 1 1 0 1 1 1 0 1 1 1 0 1 1 1 1 1 1 1 1 1 0 1 1 1 1 1 1 1 0 0 1 1 0 1 1 0 0 1 0 1 1 0 1 1 1 0 0 0 1 1 1 0 1 1 1 1 1 0 0 1 1 0 1 0 0 1 1 1 1 1 1 1 1 0 1 1 1 0 1 0 1 0 0 1 0 1 1 1 1 1 1 0 1 1 1 1 0 1 1 0 0 1 1 1 1 0 1 1 1 1 1 1 1 1 1 1 1 1 1 0 1 1 1 1 1 1 1 1 1 1 1 1 0 1 1 1 1 0 1 0 0 1 1 1 1 1 1 1 1 1 1 1 1 1 0 1 1 1 1 0 1 0 0 0 0 1 1 1 0 0 0 1 1 0 1 1 0 1 1 1 1 1 1 1 0 1 1 0 1 0 1 1 1 1 1 1 0 1 0 0 1 1 1 0 1 1 1 1 1 1 1 1 1 1 1 1 1 1 1 0 1 1 1 1 0 1 0 1 1 1 1 1 1 1 1 0 0 1 1 1 1 1 0 1 1 1 1 1 1 1 1 1 1 1 1 1 1 0 1 1 0 1 1 1 0 1 0 1 1 1 1 1 1 1 1 0 1 1 1 1 0 0 0 1 1 0 0 0 1 0 1 1 1 0 1 0 0 1 1 1 1 1 1 0 1 1 1 0 1 1 1 1 0 0 0 0 1 1 1 1 0 1 1 1 1 1 1 1 0 1 1 1 1 1 1 1 1 1 0 1 1 1 1 1 1 0 1 0 1 1 1 0 1 1 1 1 1 1 1 0 1 1 0 1 1 0 1 1 0 1 1 1 1 0 1 1 1 0 1 1 1 1 0 0 1 1 1 1 0 1 1 1 0 1 0 1 1 1 1 1 1 0 0 1 1 1 1 0 1 1 1 1 1 0 1 1 1 1 1 0 1 1 1 1 1 0 1 1 1 1 1 1 1 1 1 0 0 1 0 0 1 0 1 1 1 1 1 1 1 1 0 1 0 0 0 1 0 1 1 1 0 0 1 0 1 1 1 1 1 1 1 1 1 1 0 1 1 1 1 1 1 1 1 1 1 1 1 1 1 0 1 0 1 0 0 0 0
 1 1 1 0 1 1 0 1 1 1 1 1 1 1 0 1 1 1 1 1 1 1 1 1 1 0 1 1 1 1 1 1 1 1 1 0 1 1 1 1 1 0 1 1 1 1 1 0 1 1 0 1 1 0 1 0 1 1 0 1 0 1 1 1 1 1 1 1 1 1 1 1 1 0 1 1 1 1 0 1 1 1 1 0 1 1 1 0 0 0 1 1 1 1 0 0 1 1 1 1 1 1 1 0 1 0 1 1 1 1 1 1 1 1 1 1 1 1 1 1 0 1 1 1 1 1 1 1 1 0 1 1 1 1 1 0 0 1 1 1 0 1 1 1 1 1 1 1 1 0 1 1 1 0 0 1 1 1 1 1 0 1 1 1 0 0 0 1 1 1 1 1 1 1 0 1 1 0 0 1 0 1 1 1 0 1 1 0 1 1 0 1 1 1 1 1 1 1 1 1 1 0 1 1 0 0 1 0 1 1 0 1 1 0 1 1 1 1 0 1 1 0 1 1 0 1 1 1 1 1 1 1 1 1 1 0 1 1 1 0 0 1 1 0 1 1 1 0 0 1 0 0 1 1 0 1 0 0 0 1 1 1 1 1 1 1 1 0 1 0 1 0 0 0 1 1 1 1 1 1 0 1 1 1 1 1 1 1 1 1 0 1 1 1 1 1 1 1 1 1 1 1 1 1 1 1 1 1 1 1 1 0 1 1 1 1 1 1 0 1 1 1 1 1 0 1 1 1 1 0 0 1 1 1 1 1 1 0 0 0 0 1 1 0 1 0 0 0 1 1 1 1 1 1 0 1 1 1 1 1 0 0 0 1 0 1 0 1 1 1 1 0 0 1 0 1 1 1 1 1 1 1 1 0 1 1 0 0 1 0 0 1 0 1 0 1 1 0 1 1 1 1 1 1 1 1 0 0 0 1 1 1 1 1 1 0 0 0 0 1 1 0 1 1 1 1 1 1 1 1 1 1 1 1 1 1 1 1 1 1 1 0 1 0 1 1 1 0 1 1 1 0 1 0 0 0 1 1 0 1 0 0 0 0 0 1 1 0 1 1 1 0 1 1 1 1 0 1 0 1 1 0 1 1 1 1 1 1 1 0 1 1 1 0 1 0 0 1 1 1 1 0 1 1 1 0 1 0 1 1 1 0
 1 1 1 0 0 1 0 1 1 1 1 1 1 1 1 1 1 1 1 0 0 0 1 1 1 1 1 0 1 1 0 1 1 0 1 0 1 0 0 0 1 0 1 0 1 1 1 1 1 0 1 0 1 0 1 1 0 1 1 1 0 0 1 1 1 1 0 0 0 1 0 1 1 0 0 1 1 0 0 1 0 1 0 1 1 1 1 0 1 1 0 1 0 1 1 0 1 1 1 0 0 1 1 0 0 0 1 0 1 1 1 1 1 0 0 1 1 0 1 1 1 1 1 1 0 0 0 1 1 1 0 0 0 1 1 1 0 1 1 1 1 1 0 0 1 1 1 1 0 0 0 1 1 1 1 0 1 0 1 1 0 0 0 0 1 1 1 1 1 1 1 0 1 1 1 1 1 0 0 0 0 1 1 1 0 1 1 1 0 0 1 1 0 1 1 1 1 1 1 1 0 1 1 1 1 0 1 1 0 0 1 0 1 0 1 1 1 0 0 1 1 1 1 0 0 1 0 1 1 1 1 1 0 1 0 1 1 0 1 1 1 1 1 1 0 0 1 1 1 0 1 1 1 1 0 0 0 1 0 1 1 1 1 0 1 0 0 1 1 0 0 1 1 1 1 0 1 0 0 1 0 0 1 0 1 0 1 1 0 1 0 0 1 1 0 1 1 0 1 1 1 1 0 1 1 1 1 0 0 1 1 0 1 1 0 1 0 1 0 0 0 1 1 0 0 1 0 1 1 1 0 0 1 1 1 0 1 1 1 0 1 0 1 0 1 1 1 0 1 1 1 1 1 0 1 1 1 1 0 0 0 0 0 1 1 1 1 1 0 0 0 0 0 1 0 1 1 0 1 1 0 1 1 1 1 1 1 1 1 0 1 0 1 1 0 1 1 1 0 0 1 1 1 0 0 1 1 1 1 0 1 0 1 1 1 0 0 0 0 1 1 0 0 1 1 1 1 1 1 0 0 0 0 1 1 0 1 0 1 1 1 1 1 1 1 1 0 1 1 1 1 0 1 1 0 1 1 1 0 1 1 0 0 1 1 1 1 1 1 0 0 1 1 1 1 1 1 1 1 1 1 1 0 1 0 1 1 1 1 1 1 1 0 1 0 1 0 0 1 0 1 0 1 0 0 0 1 1 1 1 0 1


# name: algo_i
# type: scalar
4


# name: algorithms_names
# type: cell
# rows: 4
# columns: 1
# name: <cell-element>
# type: sq_string
# elements: 1
# length: 7
america


# name: <cell-element>
# type: sq_string
# elements: 1
# length: 6
sa4ica


# name: <cell-element>
# type: sq_string
# elements: 1
# length: 4
QICA


# name: <cell-element>
# type: sq_string
# elements: 1
# length: 5
GLICA





# name: estimated_joint_from_samples
# type: matrix
# rows: 1
# columns: 8
 0.400390625 0.185546875 0.095703125 0.09375 0.06640625 0.060546875 0.052734375 0.044921875


# name: generated_integers
# type: matrix
# rows: 512
# columns: 1
 4
 1
 4
 5
 6
 1
 8
 1
 1
 1
 1
 4
 1
 1
 3
 1
 1
 4
 1
 2
 2
 6
 1
 1
 1
 7
 1
 2
 1
 1
 2
 1
 1
 2
 1
 8
 1
 2
 2
 2
 1
 5
 1
 6
 4
 1
 1
 7
 1
 2
 7
 6
 1
 8
 1
 3
 6
 1
 3
 1
 8
 6
 4
 1
 1
 1
 6
 2
 2
 1
 2
 1
 4
 8
 2
 1
 4
 2
 8
 4
 2
 1
 2
 3
 1
 1
 1
 5
 7
 3
 2
 1
 6
 1
 7
 5
 4
 4
 1
 6
 2
 1
 1
 5
 2
 5
 4
 2
 1
 1
 1
 4
 1
 2
 6
 4
 1
 2
 1
 1
 7
 1
 1
 1
 2
 2
 2
 1
 1
 3
 2
 2
 2
 1
 4
 3
 5
 1
 1
 1
 3
 1
 2
 2
 1
 1
 1
 4
 2
 5
 2
 1
 4
 3
 7
 6
 1
 2
 1
 1
 5
 2
 2
 2
 3
 3
 3
 1
 1
 4
 1
 2
 1
 1
 7
 1
 4
 8
 8
 6
 5
 1
 1
 4
 8
 4
 1
 3
 6
 2
 3
 4
 2
 1
 1
 1
 1
 1
 1
 4
 2
 3
 4
 1
 7
 5
 1
 3
 2
 2
 3
 6
 1
 8
 4
 1
 1
 2
 8
 1
 1
 3
 1
 2
 5
 1
 2
 1
 1
 1
 1
 1
 2
 1
 6
 3
 1
 2
 1
 7
 3
 4
 1
 3
 2
 2
 1
 3
 3
 2
 7
 7
 1
 1
 5
 2
 5
 7
 5
 1
 1
 1
 1
 2
 1
 2
 2
 3
 1
 5
 2
 3
 7
 3
 1
 6
 1
 2
 2
 4
 5
 6
 1
 2
 1
 2
 1
 1
 2
 1
 8
 2
 1
 1
 2
 4
 4
 6
 1
 1
 4
 4
 6
 1
 4
 1
 1
 2
 6
 1
 4
 8
 1
 1
 2
 1
 2
 1
 8
 2
 2
 1
 4
 2
 5
 1
 2
 4
 4
 7
 8
 2
 1
 1
 1
 6
 1
 3
 3
 5
 3
 2
 1
 8
 1
 3
 3
 5
 1
 1
 1
 1
 1
 6
 3
 1
 1
 1
 2
 2
 8
 5
 8
 1
 3
 1
 7
 1
 2
 2
 2
 5
 5
 1
 8
 1
 1
 6
 1
 1
 6
 1
 1
 7
 1
 1
 3
 3
 4
 5
 3
 2
 7
 1
 5
 1
 1
 7
 6
 2
 1
 1
 1
 6
 2
 1
 3
 7
 3
 6
 1
 2
 1
 1
 1
 5
 8
 8
 5
 1
 1
 5
 6
 1
 1
 1
 1
 1
 4
 2
 2
 2
 2
 1
 4
 2
 1
 2
 1
 1
 4
 3
 1
 3
 1
 1
 2
 3
 1
 1
 4
 8
 1
 7
 8
 3
 4
 1
 5
 1
 3
 5
 5
 3
 3
 4
 1
 7
 4
 6
 2
 7
 1
 1
 1
 4
 7
 1
 7
 1
 1
 3
 2
 1
 2
 1
 1
 1
 1
 7
 1
 1
 2
 3
 2
 3
 5
 2
 1
 2
 1
 5
 1
 2
 6
 5
 4
 3
 4
 4
 6
 7


# name: h_joint
# type: float scalar
2.5535030364990234


# name: h_joint_from_samples
# type: scalar
2.5535031340653358


# name: h_marg
# type: scalar
2.594791529950593


# name: idx
# type: matrix
# rows: 1
# columns: 512
 6 0 6 1 5 0 7 0 0 0 0 6 0 0 2 0 0 6 0 4 4 5 0 0 0 3 0 4 0 0 4 0 0 4 0 7 0 4 4 4 0 1 0 5 6 0 0 3 0 4 3 5 0 7 0 2 5 0 2 0 7 5 6 0 0 0 5 4 4 0 4 0 6 7 4 0 6 4 7 6 4 0 4 2 0 0 0 1 3 2 4 0 5 0 3 1 6 6 0 5 4 0 0 1 4 1 6 4 0 0 0 6 0 4 5 6 0 4 0 0 3 0 0 0 4 4 4 0 0 2 4 4 4 0 6 2 1 0 0 0 2 0 4 4 0 0 0 6 4 1 4 0 6 2 3 5 0 4 0 0 1 4 4 4 2 2 2 0 0 6 0 4 0 0 3 0 6 7 7 5 1 0 0 6 7 6 0 2 5 4 2 6 4 0 0 0 0 0 0 6 4 2 6 0 3 1 0 2 4 4 2 5 0 7 6 0 0 4 7 0 0 2 0 4 1 0 4 0 0 0 0 0 4 0 5 2 0 4 0 3 2 6 0 2 4 4 0 2 2 4 3 3 0 0 1 4 1 3 1 0 0 0 0 4 0 4 4 2 0 1 4 2 3 2 0 5 0 4 4 6 1 5 0 4 0 4 0 0 4 0 7 4 0 0 4 6 6 5 0 0 6 6 5 0 6 0 0 4 5 0 6 7 0 0 4 0 4 0 7 4 4 0 6 4 1 0 4 6 6 3 7 4 0 0 0 5 0 2 2 1 2 4 0 7 0 2 2 1 0 0 0 0 0 5 2 0 0 0 4 4 7 1 7 0 2 0 3 0 4 4 4 1 1 0 7 0 0 5 0 0 5 0 0 3 0 0 2 2 6 1 2 4 3 0 1 0 0 3 5 4 0 0 0 5 4 0 2 3 2 5 0 4 0 0 0 1 7 7 1 0 0 1 5 0 0 0 0 0 6 4 4 4 4 0 6 4 0 4 0 0 6 2 0 2 0 0 4 2 0 0 6 7 0 3 7 2 6 0 1 0 2 1 1 2 2 6 0 3 6 5 4 3 0 0 0 6 3 0 3 0 0 2 4 0 4 0 0 0 0 3 0 0 4 2 4 2 1 4 0 4 0 1 0 4 5 1 6 2 6 6 5 3


# name: joint_pmf
# type: matrix
# rows: 1
# columns: 8
 0.38300484678206148 0.1849791478305437 0.12084451759890946 0.089339039491540845 0.070678246336222564 0.058364054850092245 0.04964223519256443 0.043147911918065378


# name: k
# type: scalar
2


# name: k_i
# type: scalar
1


# name: mean_total_corr_results
# type: matrix
# ndims: 4
 1 1 1 4
 0.023237228393554688
 0.023237228393554688
 0.016507506370544434
 0.023237228393554688


# name: mean_trial_time
# type: matrix
# ndims: 4
 1 1 1 4
 0.00081145763397216797
 7.319894552230835
 14.041690468788147
 0.0018374919891357422


# name: n
# type: scalar
3


# name: n_cases
# type: scalar
4


# name: n_samples
# type: scalar
512


# name: n_sources
# type: scalar
3


# name: n_trials
# type: scalar
2


# name: nvec
# type: float matrix
# rows: 1
# columns: 8
 0 0 0 0 1 1 1 1


# name: opt_appox_ent_with_appox_vals2
# type: scalar
2.5812739156636044


# name: opt_appox_lin_min2
# type: float scalar
2.5866737365722656


# name: opt_est_vals
# type: matrix
# rows: 2
# columns: 3
 0.251953125 0.259765625 0.357421875
 0.748046875 0.740234375 0.642578125


# name: opt_perm
# type: matrix
# rows: 1
# columns: 8
 8 7 6 4 5 3 2 1


# name: opt_v_vec
# type: matrix
# rows: 1
# columns: 8
 0 0 0 0 2 1 0 0


# name: p_i
# type: scalar
1


# name: parameters
# type: scalar struct
# ndims: 2
 1 1
# length: 5
# name: P
# type: scalar
2


# name: K
# type: scalar
3


# name: PK
# type: scalar
8


# name: Lex
# type: float matrix
# rows: 3
# columns: 8
 0 1 0 1 0 1 0 1
 0 0 1 1 0 0 1 1
 0 0 0 0 1 1 1 1


# name: r
# type: matrix
# rows: 1
# columns: 3
 1 2 4




# name: q
# type: scalar
2


# name: qica_max_k
# type: scalar
8


# name: qica_min_k
# type: scalar
4


# name: r
# type: matrix
# rows: 1
# columns: 3
 1 2 4


# name: s
# type: scalar
1.05


# name: saved_sim
# type: sq_string
# elements: 1
# length: 85
sim_data/sim_data_start_21_01_2021_15_31_end_21_01_2021_15_31_sim_total_corr_pure_ICA


# name: saved_sim_str
# type: sq_string
# elements: 1
# length: 45
_end_21_01_2021_15_31_sim_total_corr_pure_ICA


# name: sim_start_time
# type: scalar struct
# ndims: 2
 1 1
# length: 12
# name: usec
# type: scalar
400486


# name: sec
# type: scalar
16


# name: min
# type: scalar
31


# name: hour
# type: scalar
15


# name: mday
# type: scalar
21


# name: mon
# type: scalar
0


# name: year
# type: scalar
121


# name: wday
# type: scalar
4


# name: yday
# type: scalar
20


# name: isdst
# type: scalar
0


# name: gmtoff
# type: scalar
-10800


# name: zone
# type: sq_string
# elements: 1
# length: 3
-03




# name: some_primes
# type: scalar
2


# name: space
# type: matrix
# rows: 1
# columns: 4
 1 1 1 4


# name: start_time
# type: uint64 scalar
1611253919163389


# name: start_time_str
# type: sq_string
# elements: 1
# length: 31
sim_data_start_21_01_2021_15_31


# name: t
# type: scalar
512


# name: t_i
# type: scalar
1


# name: the_algorithms
# type: range
# base, limit, increment
1 4 1


# name: total_corr_results
# type: matrix
# ndims: 5
 1 1 1 4 2
 0.0051860809326171875
 0.0051860809326171875
 0.0052440166473388672
 0.0051860809326171875
 0.041288375854492188
 0.041288375854492188
 0.02777099609375
 0.041288375854492188


# name: total_time
# type: uint64 scalar
1611253876400677


# name: trial
# type: scalar
2


# name: trial_time
# type: matrix
# ndims: 5
 1 1 1 4 2
 0.00082802772521972656
 7.3944900035858154
 13.351903915405273
 0.0018858909606933594
 0.00079488754272460938
 7.2452991008758545
 14.731477022171021
 0.001789093017578125


# name: zipf_p
# type: matrix
# rows: 8
# columns: 1
 0.38300484678206148
 0.1849791478305437
 0.12084451759890946
 0.089339039491540845
 0.070678246336222564
 0.058364054850092245
 0.04964223519256443
 0.043147911918065378


